____X____ [36, 36, 29, 28, 0, 41, 35, 34, 29]
O___X_X__ [0, 0, 102, 0, 0, 0, 0, 0, 0]
OXO_X_X__ [0, 0, 0, 0, 0, 0, 0, 114, 0]
OXO_X_XOX [0, 0, 0, 59, 0, 56, 0, 1, 0]
_O__X___X [140, 0, 0, 0, 0, 0, 0, 0, 0]
OOX_X___X [0, 0, 0, 0, 0, 150, 0, 0, 0]
_________ [0, 0, 0, 0, 261, 0, 0, 0, 0]
X___O____ [0, 24, 42, 27, 0, 39, 41, 43, 39]
X___O_X_O [0, 0, 0, 125, 0, 0, 0, 0, 0]
X__OOXX_O [0, 50, 47, 0, 0, 0, 0, 51, 0]
X___X___O [0, 3, 6, 4, 0, 4, 4, 4, 0]
X__OX_X_O [0, 0, 4, 0, 0, 0, 0, 0, 0]
XX__O__O_ [0, 0, 84, 0, 0, 0, 0, 0, 0]
XXO_O_XO_ [0, 0, 0, 89, 0, 0, 0, 0, 0]
XO__O__X_ [0, 0, 8, 5, 0, 7, 10, 0, 14]
XO_OOX_X_ [0, 0, 2, 0, 0, 0, 0, 0, 6]
X_XOOXO__ [0, 4, 0, 0, 0, 0, 0, 0, 4]
XX_OOX_O_ [0, 0, 8, 0, 0, 0, 0, 0, 0]
XO__X_X_O [0, 0, 0, 4, 0, 0, 0, 0, 0]